onset,duration,period,division,bar,beat,signature,chord,form,chorus_id,bass
2.97274376417,0.503764172336,4,1,0,4,'4/4',Cj7,I1,0,35
3.47650793651,0.473310657596,4,1,1,1,'4/4',Cj7,A1,1,36
3.9498185941,0.47746031746,4,1,1,2,'4/4',Cj7,A1,1,36
4.42727891156,0.475873015873,4,1,1,3,'4/4',Cj7,A1,1,29
4.90315192744,0.487800453515,4,1,1,4,'4/4',Cj7,A1,1,41
5.39095238095,0.488526077098,4,1,2,1,'4/4',E-7,A1,1,28
5.87947845805,0.465691609977,4,1,2,2,'4/4',E-7,A1,1,28
6.34517006803,0.453560090703,4,1,2,3,'4/4',A7,A1,1,33
6.79873015873,0.486303854875,4,1,2,4,'4/4',A7,A1,1,39
7.28503401361,0.519909297052,4,1,3,1,'4/4',D-7,A1,1,38
7.80494331066,0.469909297052,4,1,3,2,'4/4',D-7,A1,1,38
8.27485260771,0.436462585034,4,1,3,3,'4/4',G7,A1,1,43
8.71131519274,0.516689342404,4,1,3,4,'4/4',G7,A1,1,35
9.22800453515,0.485714285714,4,1,4,1,'4/4',Cj7,A1,1,36
9.71371882086,0.483696145125,4,1,4,2,'4/4',Cj7,A1,1,45
10.197414966,0.48410430839,4,1,4,3,'4/4',Cj7,A1,1,43
10.6815192744,0.440952380952,4,1,4,4,'4/4',Cj7,A1,1,47
11.1224716553,0.523469387755,4,1,5,1,'4/4',Cj7,A2,1,48
11.6459410431,0.496371882086,4,1,5,2,'4/4',Cj7,A2,1,48
12.1423129252,0.481111111111,4,1,5,3,'4/4',Cj7,A2,1,41
12.6234240363,0.478095238095,4,1,5,4,'4/4',Cj7,A2,1,41
13.1015192744,0.523537414966,4,1,6,1,'4/4',E-7,A2,1,40
13.6250566893,0.4789569161,4,1,6,2,'4/4',E-7,A2,1,40
14.1040136054,0.436077097506,4,1,6,3,'4/4',A7,A2,1,45
14.5400907029,0.458480725624,4,1,6,4,'4/4',A7,A2,1,39
14.9985714286,0.51283446712,4,1,7,1,'4/4',D-7,A2,1,38
15.5114058957,0.503015873016,4,1,7,2,'4/4',D-7,A2,1,38
16.0144217687,0.45433106576,4,1,7,3,'4/4',D-7,A2,1,40
16.4687528345,0.491768707483,4,1,7,4,'4/4',D-7,A2,1,42
16.960521542,0.496371882086,4,1,8,1,'4/4',G7,A2,1,43
17.456893424,0.470181405896,4,1,8,2,'4/4',G7,A2,1,43
17.9270748299,0.456870748299,4,1,8,3,'4/4',G7,A2,1,43
18.3839455782,0.47589569161,4,1,8,4,'4/4',G7,A2,1,35
18.8598412698,0.479002267574,4,1,9,1,'4/4',C7,B1,1,36
19.3388435374,0.493492063492,4,1,9,2,'4/4',C7,B1,1,36
19.8323356009,0.449319727891,4,1,9,3,'4/4',C7,B1,1,43
20.2816553288,0.459365079365,4,1,9,4,'4/4',C7,B1,1,35
20.7410204082,0.477120181406,4,1,10,1,'4/4',C7,B1,1,36
21.2181405896,0.504308390023,4,1,10,2,'4/4',C7,B1,1,36
21.7224489796,0.50612244898,4,1,10,3,'4/4',C7,B1,1,38
22.2285714286,0.448979591837,4,1,10,4,'4/4',C7,B1,1,40
22.6775510204,0.510589569161,4,1,11,1,'4/4',F7,B1,1,41
23.1881405896,0.501587301587,4,1,11,2,'4/4',F7,B1,1,41
23.6897278912,0.507369614512,4,1,11,3,'4/4',F7,B1,1,47
24.1970975057,0.472290249433,4,1,11,4,'4/4',F7,B1,1,41
24.6693877551,0.503537414966,4,1,12,1,'4/4',Bb7,B1,1,34
25.1729251701,0.484217687075,4,1,12,2,'4/4',Bb7,B1,1,34
25.6571428571,0.477551020408,4,1,12,3,'4/4',Bb7,B1,1,41
26.1346938776,0.480068027211,4,1,12,4,'4/4',Bb7,B1,1,43
26.6147619048,0.463900226757,4,1,13,1,'4/4',Cj7,A3,1,36
27.0786621315,0.477369614512,4,1,13,2,'4/4',Cj7,A3,1,36
27.556031746,0.485170068027,4,1,13,3,'4/4',Cj7,A3,1,41
28.0412018141,0.440430839002,4,1,13,4,'4/4',Cj7,A3,1,41
28.4816326531,0.487959183673,4,1,14,1,'4/4',E-7,A3,1,40
28.9695918367,0.488276643991,4,1,14,2,'4/4',E-7,A3,1,34
29.4578684807,0.502154195011,4,1,14,3,'4/4',A7,A3,1,33
29.9600226757,0.474263038549,4,1,14,4,'4/4',A7,A3,1,33
30.4342857143,0.484761904762,4,1,15,1,'4/4',D-7,A3,1,38
30.919047619,0.454897959184,4,1,15,2,'4/4',D-7,A3,1,38
31.3739455782,0.493378684807,4,1,15,3,'4/4',G7,A3,1,43
31.867324263,0.478276643991,4,1,15,4,'4/4',G7,A3,1,35
32.345600907,0.468616780045,4,1,16,1,'4/4',Cj7,A3,1,36
32.8142176871,0.511519274376,4,1,16,2,'4/4',Cj7,A3,1,36
33.3257369615,0.50283446712,4,1,16,3,'4/4',Cj7,A3,1,50
33.8285714286,0.4979138322,4,1,16,4,'4/4',Cj7,A3,1,37
34.3264852608,0.502947845805,4,1,17,1,'4/4',Cj7,A1,2,43
34.8294331066,0.478163265306,4,1,17,2,'4/4',Cj7,A1,2,36
35.3075963719,0.511360544218,4,1,17,3,'4/4',Cj7,A1,2,41
35.8189569161,0.481859410431,4,1,17,4,'4/4',Cj7,A1,2,41
36.3008163265,0.499569160998,4,1,18,1,'4/4',E-7,A1,2,40
36.8003854875,0.484240362812,4,1,18,2,'4/4',E-7,A1,2,40
37.2846258503,0.472721088435,4,1,18,3,'4/4',A7,A1,2,45
37.7573469388,0.454807256236,4,1,18,4,'4/4',A7,A1,2,39
38.212154195,0.503106575964,4,1,19,1,'4/4',D-7,A1,2,38
38.715260771,0.471496598639,4,1,19,2,'4/4',D-7,A1,2,38
39.1867573696,0.468548752834,4,1,19,3,'4/4',G7,A1,2,43
39.6553061224,0.502811791383,4,1,19,4,'4/4',G7,A1,2,43
40.1581179138,0.478480725624,4,1,20,1,'4/4',Cj7,A1,2,36
40.6365986395,0.478979591837,4,1,20,2,'4/4',Cj7,A1,2,36
41.1155782313,0.460793650794,4,1,20,3,'4/4',Cj7,A1,2,31
41.5763718821,0.475941043084,4,1,20,4,'4/4',Cj7,A1,2,35
42.0523129252,0.487097505669,4,1,21,1,'4/4',Cj7,A2,2,36
42.5394104308,0.488367346939,4,1,21,2,'4/4',Cj7,A2,2,36
43.0277777778,0.500929705215,4,1,21,3,'4/4',Cj7,A2,2,41
43.528707483,0.452494331066,4,1,21,4,'4/4',Cj7,A2,2,41
43.9812018141,0.485124716553,4,1,22,1,'4/4',E-7,A2,2,28
44.4663265306,0.502040816327,4,1,22,2,'4/4',E-7,A2,2,34
44.9683673469,0.510022675737,4,1,22,3,'4/4',A7,A2,2,33
45.4783900227,0.471927437642,4,1,22,4,'4/4',A7,A2,2,33
45.9503174603,0.474535147392,4,1,23,1,'4/4',D-7,A2,2,38
46.4248526077,0.515600907029,4,1,23,2,'4/4',D-7,A2,2,38
46.9404535147,0.486507936508,4,1,23,3,'4/4',D-7,A2,2,45
47.4269614512,0.459138321995,4,1,23,4,'4/4',D-7,A2,2,44
47.8860997732,0.497573696145,4,1,24,1,'4/4',G7,A2,2,43
48.3836734694,0.448412698413,4,1,24,2,'4/4',G7,A2,2,43
48.8320861678,0.48612244898,4,1,24,3,'4/4',G7,A2,2,33
49.3182086168,0.477936507937,4,1,24,4,'4/4',G7,A2,2,35
49.7961451247,0.487891156463,4,1,25,1,'4/4',C7,B1,2,36
50.2840362812,0.491065759637,4,1,25,2,'4/4',C7,B1,2,36
50.7751020408,0.508299319728,4,1,25,3,'4/4',C7,B1,2,43
51.2834013605,0.458503401361,4,1,25,4,'4/4',C7,B1,2,37
51.7419047619,0.469047619048,4,1,26,1,'4/4',C7,B1,2,36
52.210952381,0.486598639456,4,1,26,2,'4/4',C7,B1,2,36
52.6975510204,0.45283446712,4,1,26,3,'4/4',C7,B1,2,38
53.1503854875,0.51566893424,4,1,26,4,'4/4',C7,B1,2,40
53.6660544218,0.497210884354,4,1,27,1,'4/4',F7,B1,2,41
54.1632653061,0.497959183673,4,1,27,2,'4/4',F7,B1,2,47
54.6612244898,0.509501133787,4,1,27,3,'4/4',F7,B1,2,41
55.1707256236,0.453764172336,4,1,27,4,'4/4',F7,B1,2,41
55.6244897959,0.440816326531,4,1,28,1,'4/4',Bb7,B1,2,34
56.0653061224,0.488888888889,4,1,28,2,'4/4',Bb7,B1,2,34
56.5541950113,0.544671201814,4,1,28,3,'4/4',Bb7,B1,2,41
57.0988662132,0.466031746032,4,1,28,4,'4/4',Bb7,B1,2,43
57.5648979592,0.489024943311,4,1,29,1,'4/4',Cj7,A3,2,36
58.0539229025,0.487029478458,4,1,29,2,'4/4',Cj7,A3,2,36
58.540952381,0.474535147392,4,1,29,3,'4/4',Cj7,A3,2,41
59.0154875283,0.469682539683,4,1,29,4,'4/4',Cj7,A3,2,43
59.485170068,0.476530612245,4,1,30,1,'4/4',E-7,A3,2,40
59.9617006803,0.503673469388,4,1,30,2,'4/4',E-7,A3,2,40
60.4653741497,0.487551020408,4,1,30,3,'4/4',A7,A3,2,33
60.9529251701,0.52462585034,4,1,30,4,'4/4',A7,A3,2,39
61.4775510204,0.465034013605,4,1,31,1,'4/4',D-7,A3,2,38
61.942585034,0.486893424036,4,1,31,2,'4/4',D-7,A3,2,44
62.429478458,0.467120181406,4,1,31,3,'4/4',G7,A3,2,43
62.8965986395,0.488934240363,4,1,31,4,'4/4',G7,A3,2,37
63.3855328798,0.48387755102,4,1,32,1,'4/4',Cj7,A3,2,36
63.8694104308,0.465827664399,4,1,32,2,'4/4',Cj7,A3,2,30
64.3352380952,0.500725623583,4,1,32,3,'4/4',Cj7,A3,2,31
64.8359637188,0.492403628118,4,1,32,4,'4/4',Cj7,A3,2,35
65.3283673469,0.481292517007,4,1,33,1,'4/4',Cj7,A1,3,36
65.8096598639,0.493628117914,4,1,33,2,'4/4',Cj7,A1,3,42
66.3032879819,0.497233560091,4,1,33,3,'4/4',Cj7,A1,3,41
66.800521542,0.479637188209,4,1,33,4,'4/4',Cj7,A1,3,35
67.2801587302,0.49052154195,4,1,34,1,'4/4',E-7,A1,3,40
67.7706802721,0.473038548753,4,1,34,2,'4/4',E-7,A1,3,34
68.2437188209,0.492902494331,4,1,34,3,'4/4',A7,A1,3,45
68.7366213152,0.477505668934,4,1,34,4,'4/4',A7,A1,3,39
69.2141269841,0.465328798186,4,1,35,1,'4/4',D-7,A1,3,38
69.6794557823,0.493968253968,4,1,35,2,'4/4',D-7,A1,3,44
70.1734240363,0.494444444444,4,1,35,3,'4/4',G7,A1,3,43
70.6678684807,0.456961451247,4,1,35,4,'4/4',G7,A1,3,37
71.124829932,0.468707482993,4,1,36,1,'4/4',Cj7,A1,3,36
71.593537415,0.487596371882,4,1,36,2,'4/4',Cj7,A1,3,42
72.0811337868,0.525532879819,4,1,36,3,'4/4',Cj7,A1,3,43
72.6066666667,0.470022675737,4,1,36,4,'4/4',Cj7,A1,3,47
73.0766893424,0.474716553288,4,1,37,1,'4/4',Cj7,A2,3,43
73.5514058957,0.514807256236,4,1,37,2,'4/4',Cj7,A2,3,36
74.0662131519,0.451927437642,4,1,37,3,'4/4',Cj7,A2,3,41
74.5181405896,0.492244897959,4,1,37,4,'4/4',Cj7,A2,3,41
75.0103854875,0.510589569161,4,1,38,1,'4/4',E-7,A2,3,40
75.5209750567,0.497369614512,4,1,38,2,'4/4',E-7,A2,3,34
76.0183446712,0.455691609977,4,1,38,3,'4/4',A7,A2,3,33
76.4740362812,0.477505668934,4,1,38,4,'4/4',A7,A2,3,37
76.9515419501,0.455328798186,4,1,39,1,'4/4',D-7,A2,3,38
77.4068707483,0.477845804989,4,1,39,2,'4/4',D-7,A2,3,40
77.8847165533,0.490612244898,4,1,39,3,'4/4',D-7,A2,3,41
78.3753287982,0.518390022676,4,1,39,4,'4/4',D-7,A2,3,42
78.8937188209,0.487324263039,4,1,40,1,'4/4',G7,A2,3,43
79.3810430839,0.478231292517,4,1,40,2,'4/4',G7,A2,3,45
79.8592743764,0.464376417234,4,1,40,3,'4/4',G7,A2,3,34
80.3236507937,0.493514739229,4,1,40,4,'4/4',G7,A2,3,47
80.8171655329,0.472698412698,4,1,41,1,'4/4',C7,B1,3,48
81.2898639456,0.486598639456,4,1,41,2,'4/4',C7,B1,3,37
81.776462585,0.496303854875,4,1,41,3,'4/4',C7,B1,3,50
82.2727664399,0.449002267574,4,1,41,4,'4/4',C7,B1,3,37
82.7217687075,0.509206349206,4,1,42,1,'4/4',C7,B1,3,43
83.2309750567,0.476462585034,4,1,42,2,'4/4',C7,B1,3,37
83.7074376417,0.49231292517,4,1,42,3,'4/4',C7,B1,3,38
84.1997505669,0.482222222222,4,1,42,4,'4/4',C7,B1,3,40
84.6819727891,0.456394557823,4,1,43,1,'4/4',F7,B1,3,41
85.1383673469,0.501814058957,4,1,43,2,'4/4',F7,B1,3,33
85.6401814059,0.454965986395,4,1,43,3,'4/4',F7,B1,3,36
86.0951473923,0.523560090703,4,1,43,4,'4/4',F7,B1,3,35
86.618707483,0.450680272109,4,1,44,1,'4/4',Bb7,B1,3,34
87.0693877551,0.489365079365,4,1,44,2,'4/4',Bb7,B1,3,41
87.5587528345,0.482630385488,4,1,44,3,'4/4',Bb7,B1,3,46
88.04138322,0.494535147392,4,1,44,4,'4/4',Bb7,B1,3,43
88.5359183673,0.467029478458,4,1,45,1,'4/4',Cj7,A3,3,36
89.0029478458,0.487120181406,4,1,45,2,'4/4',Cj7,A3,3,30
89.4900680272,0.466848072562,4,1,45,3,'4/4',Cj7,A3,3,29
89.9569160998,0.451746031746,4,1,45,4,'4/4',Cj7,A3,3,35
90.4086621315,0.476258503401,4,1,46,1,'4/4',E-7,A3,3,40
90.8849206349,0.520566893424,4,1,46,2,'4/4',E-7,A3,3,34
91.4054875283,0.457664399093,4,1,46,3,'4/4',A7,A3,3,45
91.8631519274,0.491088435374,4,1,46,4,'4/4',A7,A3,3,49
92.3542403628,0.46253968254,4,1,47,1,'4/4',D-7,A3,3,50
92.8167800454,0.508662131519,4,1,47,2,'4/4',D-7,A3,3,44
93.3254421769,0.500793650794,4,1,47,3,'4/4',G7,A3,3,43
93.8262358277,0.508616780045,4,1,47,4,'4/4',G7,A3,3,37
94.3348526077,0.470385487528,4,1,48,1,'4/4',Cj7,A3,3,45
94.8052380952,0.429274376417,4,1,48,2,'4/4',Cj7,A3,3,44
95.2345124717,0.47977324263,4,1,48,3,'4/4',Cj7,A3,3,43
95.7142857143,0.494444444444,4,1,48,4,'4/4',Cj7,A3,3,37
96.2087301587,0.484081632653,4,1,49,1,'4/4',Cj7,A1,4,36
96.6928117914,0.501315192744,4,1,49,2,'4/4',Cj7,A1,4,40
97.1941269841,0.492244897959,4,1,49,3,'4/4',Cj7,A1,4,41
97.6863718821,0.492244897959,4,1,49,4,'4/4',Cj7,A1,4,46
