onset,duration,period,division,bar,beat,signature,chord,form,chorus_id,bass
7.47573696145,0.456099773243,4,1,0,1,'4/4',NC,I1,0,41
7.93183673469,0.413310657596,4,1,0,2,'4/4',NC,I1,0,48
8.34514739229,0.403900226757,4,1,0,3,'4/4',NC,I1,0,43
8.74904761905,0.434126984127,4,1,0,4,'4/4',NC,I1,0,48
9.18317460317,0.440204081633,4,1,1,1,'4/4',F6,A1,1,40
9.62337868481,0.468707482993,4,1,1,2,'4/4',F6,A1,1,45
10.0920861678,0.444943310658,4,1,1,3,'4/4',D7,A1,1,44
10.5370294785,0.47410430839,4,1,1,4,'4/4',D7,A1,1,38
11.0111337868,0.425600907029,4,1,2,1,'4/4',G-7,A1,1,43
11.4367346939,0.478594104308,4,1,2,2,'4/4',G-7,A1,1,50
11.9153287982,0.472517006803,4,1,2,3,'4/4',C7,A1,1,48
12.387845805,0.473764172336,4,1,2,4,'4/4',NC,A1,1,45
12.8616099773,0.428571428571,4,1,3,1,'4/4',G-7,A1,1,43
13.2901814059,0.470090702948,4,1,3,2,'4/4',G-7,A1,1,40
13.7602721088,0.473560090703,4,1,3,3,'4/4',C7,A1,1,36
14.2338321995,0.445759637188,4,1,3,4,'4/4',NC,A1,1,43
14.6795918367,0.442403628118,4,1,4,1,'4/4',F6,A1,1,41
15.1219954649,0.413854875283,4,1,4,2,'4/4',F6,A1,1,45
15.5358503401,0.420793650794,4,1,4,3,'4/4',F6,A1,1,38
15.9566439909,0.486598639456,4,1,4,4,'4/4',F6,A1,1,36
16.4432426304,0.422040816327,4,1,5,1,'4/4',F7,A1,1,41
16.8652834467,0.473673469388,4,1,5,2,'4/4',F7,A1,1,43
17.3389569161,0.418503401361,4,1,5,3,'4/4',F7,A1,1,45
17.7574603175,0.464965986395,4,1,5,4,'4/4',NC,A1,1,41
18.2224263039,0.428458049887,4,1,6,1,'4/4',Bb6,A1,1,45
18.6508843537,0.466077097506,4,1,6,2,'4/4',Bb6,A1,1,45
19.1169614512,0.441111111111,4,1,6,3,'4/4',Gm7b5,A1,1,43
19.5580725624,0.427755102041,4,1,6,4,'4/4',Gm7b5,A1,1,41
19.9858276644,0.43612244898,4,1,7,1,'4/4',C7,A1,1,40
20.4219501134,0.432857142857,4,1,7,2,'4/4',C7,A1,1,36
20.8548072562,0.412585034014,4,1,7,3,'4/4',C7,A1,1,38
21.2673922902,0.414240362812,4,1,7,4,'4/4',C7,A1,1,40
21.6816326531,0.464399092971,4,1,8,1,'4/4',F6,A1,1,45
22.146031746,0.492743764172,4,1,8,2,'4/4',F6,A1,1,44
22.6387755102,0.47201814059,4,1,8,3,'4/4',C7,A1,1,43
23.1107936508,0.458911564626,4,1,8,4,'4/4',C7,A1,1,48
23.5697052154,0.457120181406,4,1,9,1,'4/4',F6,A2,1,48
24.0268253968,0.467528344671,4,1,9,2,'4/4',F6,A2,1,39
24.4943537415,0.459433106576,4,1,9,3,'4/4',D7,A2,1,44
24.9537868481,0.429909297052,4,1,9,4,'4/4',D7,A2,1,44
25.3836961451,0.427641723356,4,1,10,1,'4/4',G-7,A2,1,43
25.8113378685,0.452176870748,4,1,10,2,'4/4',G-7,A2,1,41
26.2635147392,0.417414965986,4,1,10,3,'4/4',C7,A2,1,40
26.6809297052,0.434285714286,4,1,10,4,'4/4',C7,A2,1,38
27.1152154195,0.42306122449,4,1,11,1,'4/4',G-7,A2,1,36
27.538276644,0.453106575964,4,1,11,2,'4/4',G-7,A2,1,34
27.99138322,0.445192743764,4,1,11,3,'4/4',C7,A2,1,45
28.4365759637,0.440770975057,4,1,11,4,'4/4',C7,A2,1,48
28.8773469388,0.473424036281,4,1,12,1,'4/4',F6,A2,1,41
29.3507709751,0.467936507937,4,1,12,2,'4/4',F6,A2,1,43
29.818707483,0.454829931973,4,1,12,3,'4/4',F6,A2,1,45
30.273537415,0.458299319728,4,1,12,4,'4/4',F6,A2,1,48
30.7318367347,0.450839002268,4,1,13,1,'4/4',F7,A2,1,48
31.182675737,0.419682539683,4,1,13,2,'4/4',F7,A2,1,41
31.6023582766,0.428639455782,4,1,13,3,'4/4',F7,A2,1,43
32.0309977324,0.471700680272,4,1,13,4,'4/4',F7,A2,1,44
32.5026984127,0.464058956916,4,1,14,1,'4/4',Bb6,A2,1,45
32.9667573696,0.447052154195,4,1,14,2,'4/4',Bb6,A2,1,45
33.4138095238,0.474693877551,4,1,14,3,'4/4',Gm7b5,A2,1,38
33.8885034014,0.449183673469,4,1,14,4,'4/4',Gm7b5,A2,1,43
34.3376870748,0.448752834467,4,1,15,1,'4/4',C7,A2,1,48
34.7864399093,0.425011337868,4,1,15,2,'4/4',C7,A2,1,40
35.2114512472,0.429863945578,4,1,15,3,'4/4',C7,A2,1,43
35.6413151927,0.439070294785,4,1,15,4,'4/4',C7,A2,1,48
36.0803854875,0.457732426304,4,1,16,1,'4/4',F6,A2,1,53
36.5381179138,0.459977324263,4,1,16,2,'4/4',F6,A2,1,51
36.9980952381,0.479206349206,4,1,16,3,'4/4',F6,A2,1,50
37.4773015873,0.478299319728,4,1,16,4,'4/4',F6,A2,1,48
37.955600907,0.454988662132,4,1,17,1,'4/4',Bb,B1,1,46
38.4105895692,0.424784580499,4,1,17,2,'4/4',Bb,B1,1,46
38.8353741497,0.43283446712,4,1,17,3,'4/4',Bo,B1,1,47
39.2682086168,0.458412698413,4,1,17,4,'4/4',Bo,B1,1,47
39.7266213152,0.461315192744,4,1,18,1,'4/4',F/C,B1,1,48
40.1879365079,0.429569160998,4,1,18,2,'4/4',F/C,B1,1,45
40.6175056689,0.446984126984,4,1,18,3,'4/4',D7,B1,1,39
41.0644897959,0.441179138322,4,1,18,4,'4/4',D7,B1,1,32
41.5056689342,0.476485260771,4,1,19,1,'4/4',G-7,B1,1,43
41.982154195,0.424784580499,4,1,19,2,'4/4',G-7,B1,1,43
42.4069387755,0.4610430839,4,1,19,3,'4/4',C7,B1,1,42
42.8679818594,0.478072562358,4,1,19,4,'4/4',C7,B1,1,42
43.3460544218,0.442154195011,4,1,20,1,'4/4',F6,B1,1,41
43.7882086168,0.460907029478,4,1,20,2,'4/4',F6,B1,1,45
44.2491156463,0.432766439909,4,1,20,3,'4/4',F7,B1,1,38
44.6818820862,0.442063492063,4,1,20,4,'4/4',F7,B1,1,39
45.1239455782,0.450362811791,4,1,21,1,'4/4',Bb,B1,1,36
45.57430839,0.475464852608,4,1,21,2,'4/4',Bb,B1,1,34
46.0497732426,0.443764172336,4,1,21,3,'4/4',Bo,B1,1,47
46.493537415,0.442494331066,4,1,21,4,'4/4',Bo,B1,1,47
46.936031746,0.421065759637,4,1,22,1,'4/4',F/C,B1,1,36
47.3570975057,0.446984126984,4,1,22,2,'4/4',F/C,B1,1,38
47.8040816327,0.464875283447,4,1,22,3,'4/4',D7,B1,1,40
48.2689569161,0.473015873016,4,1,22,4,'4/4',D7,B1,1,40
48.7419727891,0.457301587302,4,1,23,1,'4/4',Am7b5,B1,1,45
49.1992743764,0.42358276644,4,1,23,2,'4/4',Am7b5,B1,1,45
49.6228571429,0.425555555556,4,1,23,3,'4/4',D7,B1,1,50
50.0484126984,0.461496598639,4,1,23,4,'4/4',D7,B1,1,36
50.5099092971,0.446757369615,4,1,24,1,'4/4',G-7,B1,1,43
50.9566666667,0.470090702948,4,1,24,2,'4/4',G-7,B1,1,40
51.4267573696,0.39387755102,4,1,24,3,'4/4',C7,B1,1,48
51.8206349206,0.479297052154,4,1,24,4,'4/4',C7,B1,1,36
52.2999319728,0.486825396825,4,1,25,1,'4/4',F6,A3,1,40
52.7867573696,0.454353741497,4,1,25,2,'4/4',F6,A3,1,45
53.2411111111,0.411337868481,4,1,25,3,'4/4',D7,A3,1,44
53.6524489796,0.456598639456,4,1,25,4,'4/4',D7,A3,1,38
54.109047619,0.464240362812,4,1,26,1,'4/4',G-7,A3,1,43
54.5732879819,0.450770975057,4,1,26,2,'4/4',G-7,A3,1,43
55.0240589569,0.418367346939,4,1,26,3,'4/4',C7,A3,1,48
55.4424263039,0.441496598639,4,1,26,4,'4/4',C7,A3,1,36
55.8839229025,0.465102040816,4,1,27,1,'4/4',G-7,A3,1,43
56.3490249433,0.445396825397,4,1,27,2,'4/4',G-7,A3,1,48
56.7944217687,0.452811791383,4,1,27,3,'4/4',C7,A3,1,36
57.2472335601,0.448548752834,4,1,27,4,'4/4',C7,A3,1,36
57.6957823129,0.452675736961,4,1,28,1,'4/4',F6,A3,1,48
58.1484580499,0.429682539683,4,1,28,2,'4/4',F6,A3,1,48
58.5781405896,0.422267573696,4,1,28,3,'4/4',F6,A3,1,48
59.0004081633,0.425260770975,4,1,28,4,'4/4',F6,A3,1,48
59.4256689342,0.446984126984,4,1,29,1,'4/4',F7,A3,1,41
59.8726530612,0.47231292517,4,1,29,2,'4/4',F7,A3,1,43
60.3449659864,0.444648526077,4,1,29,3,'4/4',F7,A3,1,45
60.7896145125,0.435600907029,4,1,29,4,'4/4',F7,A3,1,48
61.2252154195,0.466077097506,4,1,30,1,'4/4',Bb6,A3,1,46
61.691292517,0.467709750567,4,1,30,2,'4/4',Bb6,A3,1,38
62.1590022676,0.465215419501,4,1,30,3,'4/4',Gm7b5,A3,1,43
62.6242176871,0.449160997732,4,1,30,4,'4/4',Gm7b5,A3,1,41
63.0733786848,0.4479138322,4,1,31,1,'4/4',C7,A3,1,40
63.521292517,0.444693877551,4,1,31,2,'4/4',C7,A3,1,36
63.9659863946,0.443174603175,4,1,31,3,'4/4',C7,A3,1,43
64.4091609977,0.463469387755,4,1,31,4,'4/4',C7,A3,1,40
64.8726303855,0.435804988662,4,1,32,1,'4/4',F6,A3,1,41
65.3084353741,0.463265306122,4,1,32,2,'4/4',F6,A3,1,45
65.7717006803,0.468480725624,4,1,32,3,'4/4',F6,A3,1,43
66.2401814059,0.486689342404,4,1,32,4,'4/4',F6,A3,1,48
66.7268707483,0.486689342404,4,1,33,1,'4/4',F6,I1,1,40
