onset,duration,period,division,bar,beat,signature,chord,form,chorus_id,bass
3.04873015873,0.421541950113,4,1,0,1,'4/4',NC,I1,0,42
3.47027210884,0.423310657596,4,1,0,2,'4/4',NC,I1,0,34
3.89358276644,0.419365079365,4,1,0,3,'4/4',NC,I1,0,37
4.3129478458,0.384829931973,4,1,0,4,'4/4',NC,I1,0,42
4.69777777778,0.435102040816,4,1,1,1,'4/4',Bbj7,A1,1,37
5.13287981859,0.433129251701,4,1,1,2,'4/4',Bbj7,A1,1,41
5.56600907029,0.387052154195,4,1,1,3,'4/4',G-7,A1,1,43
5.95306122449,0.416326530612,4,1,1,4,'4/4',G-7,A1,1,35
6.3693877551,0.4,4,1,2,1,'4/4',C-7,A1,1,37
6.7693877551,0.405578231293,4,1,2,2,'4/4',C-7,A1,1,50
7.17496598639,0.396462585034,4,1,2,3,'4/4',F7,A1,1,36
7.57142857143,0.40612244898,4,1,2,4,'4/4',F7,A1,1,33
7.97755102041,0.410340136054,4,1,3,1,'4/4',Bbj7,A1,1,34
8.38789115646,0.401451247166,4,1,3,2,'4/4',Bbj7,A1,1,42
8.78934240363,0.419523809524,4,1,3,3,'4/4',G-7,A1,1,43
9.20886621315,0.431315192744,4,1,3,4,'4/4',G-7,A1,1,43
9.6401814059,0.420045351474,4,1,4,1,'4/4',C-7,A1,1,48
10.0602267574,0.39156462585,4,1,4,2,'4/4',C-7,A1,1,43
10.4517913832,0.395578231293,4,1,4,3,'4/4',F7,A1,1,41
10.8473696145,0.381201814059,4,1,4,4,'4/4',F7,A1,1,34
11.2285714286,0.392879818594,4,1,5,1,'4/4',Bbj7,A1,1,42
11.6214512472,0.379160997732,4,1,5,2,'4/4',Bbj7,A1,1,43
12.0006122449,0.401904761905,4,1,5,3,'4/4',Bb7,A1,1,44
12.4025170068,0.42335600907,4,1,5,4,'4/4',Bb7,A1,1,34
12.8258730159,0.410385487528,4,1,6,1,'4/4',Ebj7,A1,1,48
13.2362585034,0.394693877551,4,1,6,2,'4/4',Ebj7,A1,1,36
13.630952381,0.397324263039,4,1,6,3,'4/4',Ab7,A1,1,34
14.028276644,0.391315192744,4,1,6,4,'4/4',Ab7,A1,1,49
14.4195918367,0.422879818594,4,1,7,1,'4/4',D-7,A1,1,34
14.8424716553,0.398571428571,4,1,7,2,'4/4',G7,A1,1,49
15.2410430839,0.391473922902,4,1,7,3,'4/4',C-7,A1,1,49
15.6325170068,0.391632653061,4,1,7,4,'4/4',F7,A1,1,33
16.0241496599,0.405986394558,4,1,8,1,'4/4',Bbj7,A1,1,34
16.4301360544,0.402925170068,4,1,8,2,'4/4',Bbj7,A1,1,35
16.8330612245,0.436326530612,4,1,8,3,'4/4',F7,A1,1,36
17.2693877551,0.414285714286,4,1,8,4,'4/4',F7,A1,1,36
17.6836734694,0.408163265306,4,1,9,1,'4/4',Bbj7,A2,1,36
18.0918367347,0.395918367347,4,1,9,2,'4/4',Bbj7,A2,1,42
18.487755102,0.410204081633,4,1,9,3,'4/4',G-7,A2,1,34
18.8979591837,0.438775510204,4,1,9,4,'4/4',G-7,A2,1,43
19.3367346939,0.39387755102,4,1,10,1,'4/4',C-7,A2,1,48
19.7306122449,0.424489795918,4,1,10,2,'4/4',C-7,A2,1,36
20.1551020408,0.417777777778,4,1,10,3,'4/4',F7,A2,1,36
20.5728798186,0.398548752834,4,1,10,4,'4/4',F7,A2,1,33
20.9714285714,0.410204081633,4,1,11,1,'4/4',Bbj7,A2,1,34
21.3816326531,0.407346938776,4,1,11,2,'4/4',Bbj7,A2,1,33
21.7889795918,0.398276643991,4,1,11,3,'4/4',G-7,A2,1,43
22.1872562358,0.430839002268,4,1,11,4,'4/4',G-7,A2,1,37
22.6180952381,0.372222222222,4,1,12,1,'4/4',C-7,A2,1,37
22.9903174603,0.400612244898,4,1,12,2,'4/4',C-7,A2,1,36
23.3909297052,0.379319727891,4,1,12,3,'4/4',F7,A2,1,46
23.7702494331,0.434897959184,4,1,12,4,'4/4',F7,A2,1,34
24.2051473923,0.389206349206,4,1,13,1,'4/4',Bbj7,A2,1,34
24.5943537415,0.373310657596,4,1,13,2,'4/4',Bbj7,A2,1,34
24.9676643991,0.402358276644,4,1,13,3,'4/4',Bb7,A2,1,36
25.3700226757,0.397210884354,4,1,13,4,'4/4',Bb7,A2,1,36
25.7672335601,0.391950113379,4,1,14,1,'4/4',Ebj7,A2,1,34
26.1591836735,0.426870748299,4,1,14,2,'4/4',Ebj7,A2,1,33
26.5860544218,0.39358276644,4,1,14,3,'4/4',Ab7,A2,1,43
26.9796371882,0.415736961451,4,1,14,4,'4/4',Ab7,A2,1,42
27.3953741497,0.376281179138,4,1,15,1,'4/4',D-7,A2,1,38
27.7716553288,0.394308390023,4,1,15,2,'4/4',G7,A2,1,37
28.1659637188,0.402653061224,4,1,15,3,'4/4',C-7,A2,1,37
28.56861678,0.400907029478,4,1,15,4,'4/4',F7,A2,1,35
28.9695238095,0.433900226757,4,1,16,1,'4/4',Bbj7,A2,1,34
29.4034240363,0.40873015873,4,1,16,2,'4/4',Bbj7,A2,1,37
29.812154195,0.394172335601,4,1,16,3,'4/4',Bb7,A2,1,42
30.2063265306,0.38514739229,4,1,16,4,'4/4',Bb7,A2,1,43
30.5914739229,0.388888888889,4,1,17,1,'4/4',Ebj7,B1,1,36
30.9803628118,0.418866213152,4,1,17,2,'4/4',Ebj7,B1,1,46
31.3992290249,0.39179138322,4,1,17,3,'4/4',C-7,B1,1,36
31.7910204082,0.416394557823,4,1,17,4,'4/4',C-7,B1,1,34
32.207414966,0.425238095238,4,1,18,1,'4/4',F-7,B1,1,36
32.6326530612,0.440816326531,4,1,18,2,'4/4',F-7,B1,1,35
33.0734693878,0.412630385488,4,1,18,3,'4/4',Bb7,B1,1,36
33.4860997732,0.370340136054,4,1,18,4,'4/4',Bb7,B1,1,37
33.8564399093,0.412970521542,4,1,19,1,'4/4',Ebj7,B1,1,43
34.2694104308,0.40514739229,4,1,19,2,'4/4',Ebj7,B1,1,43
34.6745578231,0.392947845805,4,1,19,3,'4/4',C-7,B1,1,37
35.0675056689,0.422040816327,4,1,19,4,'4/4',C-7,B1,1,43
35.4895464853,0.385283446712,4,1,20,1,'4/4',F-7,B1,1,45
35.874829932,0.428049886621,4,1,20,2,'4/4',F-7,B1,1,40
36.3028798186,0.407528344671,4,1,20,3,'4/4',Bb7,B1,1,43
36.7104081633,0.395442176871,4,1,20,4,'4/4',Bb7,B1,1,43
37.1058503401,0.37619047619,4,1,21,1,'4/4',Ebj7,B1,1,34
37.4820408163,0.398526077098,4,1,21,2,'4/4',Ebj7,B1,1,43
37.8805668934,0.401065759637,4,1,21,3,'4/4',Eb7,B1,1,49
38.2816326531,0.416326530612,4,1,21,4,'4/4',Eb7,B1,1,37
38.6979591837,0.395918367347,4,1,22,1,'4/4',Abj7,B1,1,44
39.093877551,0.421088435374,4,1,22,2,'4/4',Abj7,B1,1,43
39.5149659864,0.398684807256,4,1,22,3,'4/4',Db7,B1,1,42
39.9136507937,0.424376417234,4,1,22,4,'4/4',Db7,B1,1,44
40.3380272109,0.407233560091,4,1,23,1,'4/4',G-7,B1,1,43
40.745260771,0.386689342404,4,1,23,2,'4/4',C7,B1,1,36
41.1319501134,0.415464852608,4,1,23,3,'4/4',F-7,B1,1,42
41.547414966,0.414784580499,4,1,23,4,'4/4',Bb7,B1,1,35
41.9621995465,0.423514739229,4,1,24,1,'4/4',Ebj7,B1,1,40
42.3857142857,0.422448979592,4,1,24,2,'4/4',Ebj7,B1,1,42
42.8081632653,0.410204081633,4,1,24,3,'4/4',F7,B1,1,42
43.2183673469,0.425351473923,4,1,24,4,'4/4',F7,B1,1,34
43.6437188209,0.429750566893,4,1,25,1,'4/4',Bbj7,A3,1,36
44.0734693878,0.383673469388,4,1,25,2,'4/4',Bbj7,A3,1,42
44.4571428571,0.420408163265,4,1,25,3,'4/4',G-7,A3,1,43
44.8775510204,0.410204081633,4,1,25,4,'4/4',G-7,A3,1,43
45.287755102,0.422448979592,4,1,26,1,'4/4',C-7,A3,1,37
45.7102040816,0.4,4,1,26,2,'4/4',C-7,A3,1,37
46.1102040816,0.391836734694,4,1,26,3,'4/4',F7,A3,1,38
46.5020408163,0.414285714286,4,1,26,4,'4/4',F7,A3,1,33
46.9163265306,0.418367346939,4,1,27,1,'4/4',Bbj7,A3,1,42
47.3346938776,0.420408163265,4,1,27,2,'4/4',Bbj7,A3,1,34
47.7551020408,0.417573696145,4,1,27,3,'4/4',G-7,A3,1,34
48.172675737,0.408117913832,4,1,27,4,'4/4',G-7,A3,1,43
48.5807936508,0.409546485261,4,1,28,1,'4/4',C-7,A3,1,48
48.9903401361,0.405941043084,4,1,28,2,'4/4',C-7,A3,1,34
49.3962811791,0.383786848073,4,1,28,3,'4/4',F7,A3,1,35
49.7800680272,0.407664399093,4,1,28,4,'4/4',F7,A3,1,33
50.1877324263,0.388412698413,4,1,29,1,'4/4',Bbj7,A3,1,34
50.5761451247,0.388503401361,4,1,29,2,'4/4',Bbj7,A3,1,49
50.9646485261,0.422698412698,4,1,29,3,'4/4',Bb7,A3,1,36
51.3873469388,0.445782312925,4,1,29,4,'4/4',Bb7,A3,1,34
51.8331292517,0.398684807256,4,1,30,1,'4/4',Ebj7,A3,1,43
52.231814059,0.412925170068,4,1,30,2,'4/4',Ebj7,A3,1,42
52.644739229,0.407619047619,4,1,30,3,'4/4',Ab7,A3,1,44
53.0523582766,0.431020408163,4,1,30,4,'4/4',Ab7,A3,1,37
53.4833786848,0.414149659864,4,1,31,1,'4/4',D-7,A3,1,33
53.8975283447,0.420702947846,4,1,31,2,'4/4',G7,A3,1,37
54.3182312925,0.430680272109,4,1,31,3,'4/4',C-7,A3,1,35
54.7489115646,0.385442176871,4,1,31,4,'4/4',F7,A3,1,34
55.1343537415,0.406757369615,4,1,32,1,'4/4',Bbj7,A3,1,34
55.5411111111,0.390317460317,4,1,32,2,'4/4',Bbj7,A3,1,34
55.9314285714,0.388526077098,4,1,32,3,'4/4',F7,A3,1,34
56.3199546485,0.413673469388,4,1,32,4,'4/4',F7,A3,1,34
56.7336281179,0.41126984127,4,1,33,1,'4/4',Bbj7,I1,1,38
57.1448979592,0.431383219955,4,1,33,2,'4/4',Bbj7,I1,1,41
57.5762811791,0.431383219955,4,1,33,3,'4/4',G7,I1,1,43
