onset,duration,period,division,bar,beat,signature,chord,form,chorus_id,bass
5.53469387755,0.990113378685,4,1,0,3,'4/4',E-7,I1,0,45
6.52480725624,0.977233560091,4,1,0,4,'4/4',A7,I1,0,45
7.50204081633,0.979591836735,4,1,1,1,'4/4',Dj7,B1,1,45
8.48163265306,1.00560090703,4,1,1,2,'4/4',Dj7,B1,1,45
9.48723356009,0.994603174603,4,1,1,3,'4/4',E-7,B1,1,45
10.4818367347,1.05848072562,4,1,1,4,'4/4',E-7,B1,1,45
11.5403174603,1.01587301587,4,1,2,1,'4/4',D/F#,B1,1,45
12.5561904762,1.02167800454,4,1,2,2,'4/4',D/F#,B1,1,45
13.5778684807,0.958548752834,4,1,2,3,'4/4',G-7,B1,1,43
14.5364172336,1.00353741497,4,1,2,4,'4/4',C7,B1,1,43
15.5399546485,0.998458049887,4,1,3,1,'4/4',F#-7,B1,1,42
16.5384126984,1.00394557823,4,1,3,2,'4/4',B-7,B1,1,47
17.5423582766,1.00247165533,4,1,3,3,'4/4',E-7,B1,1,40
18.544829932,0.977641723356,4,1,3,4,'4/4',A7,B1,1,45
19.5224716553,0.987097505669,4,1,4,1,'4/4',Dj7,B1,1,38
20.509569161,1.00424036281,4,1,4,2,'4/4',Dj7,B1,1,45
21.5138095238,1.00505668934,4,1,4,3,'4/4',Dj7,B1,1,38
22.5188662132,0.994036281179,4,1,4,4,'4/4',Dj7,B1,1,33
23.5129024943,1.00736961451,4,1,5,1,'4/4',D-7,B1,1,33
24.5202721088,0.95201814059,4,1,5,2,'4/4',D-7,B1,1,45
25.4722902494,0.972562358277,4,1,5,3,'4/4',G7,B1,1,43
26.4448526077,0.902448979592,4,1,5,4,'4/4',G7,B1,1,47
27.3473015873,0.949070294785,4,1,6,1,'4/4',Cj7,B1,1,45
28.2963718821,0.969682539683,4,1,6,2,'4/4',Cj7,B1,1,40
29.2660544218,1.01285714286,4,1,6,3,'4/4',Ebo,B1,1,43
30.2789115646,0.939319727891,4,1,6,4,'4/4',Ebo,B1,1,45
31.2182312925,0.993650793651,4,1,7,1,'4/4',D-7,B1,1,43
32.2118820862,1.00426303855,4,1,7,2,'4/4',D-7,B1,1,42
33.2161451247,0.997845804989,4,1,7,3,'4/4',G7,B1,1,43
34.2139909297,0.946825396825,4,1,7,4,'4/4',G7,B1,1,43
35.1608163265,0.980068027211,4,1,8,1,'4/4',C7,B1,1,43
36.1408843537,1.02845804989,4,1,8,2,'4/4',B7,B1,1,47
37.1693424036,1.02621315193,4,1,8,3,'4/4',Bb7,B1,1,51
38.1955555556,1.07798185941,4,1,8,4,'4/4',Bb7,B1,1,37
39.273537415,1.01888888889,4,1,9,1,'4/4',Eb-7,A3,1,39
40.2924263039,1.02167800454,4,1,9,2,'4/4',Eb-7,A3,1,39
41.3141043084,1.05600907029,4,1,9,3,'4/4',Bb79b,A3,1,42
42.3701133787,1.02485260771,4,1,9,4,'4/4',Bb79b,A3,1,39
43.3949659864,1.00317460317,4,1,10,1,'4/4',Eb-7,A3,1,46
44.3981405896,0.949183673469,4,1,10,2,'4/4',Eb-7,A3,1,46
45.347324263,0.931678004535,4,1,10,3,'4/4',D7,A3,1,38
46.2790022676,0.985238095238,4,1,10,4,'4/4',D7,A3,1,33
47.2642403628,1.00424036281,4,1,11,1,'4/4',Dbj7,A3,1,44
48.2684807256,0.977709750567,4,1,11,2,'4/4',Dbj7,A3,1,44
49.2461904762,1.0137414966,4,1,11,3,'4/4',Gb7,A3,1,43
50.2599319728,0.987619047619,4,1,11,4,'4/4',Gb7,A3,1,43
51.2475510204,0.994693877551,4,1,12,1,'4/4',F-7,A3,1,41
52.242244898,1.02238095238,4,1,12,2,'4/4',F-7,A3,1,40
53.2646258503,0.986802721088,4,1,12,3,'4/4',Eo7,A3,1,40
54.2514285714,1.02229024943,4,1,12,4,'4/4',Eo7,A3,1,40
55.2737188209,1.01532879819,4,1,13,1,'4/4',Eb-7,A3,1,46
56.289047619,0.965555555556,4,1,13,2,'4/4',Eb-7,A3,1,39
57.2546031746,0.978321995465,4,1,13,3,'4/4',Eb-7,A3,1,37
58.2329251701,0.977278911565,4,1,13,4,'4/4',Eb-7,A3,1,37
59.2102040816,0.977210884354,4,1,14,1,'4/4',Cm7b5,A3,1,37
60.187414966,0.967301587302,4,1,14,2,'4/4',Cm7b5,A3,1,42
61.1547165533,0.986870748299,4,1,14,3,'4/4',F7,A3,1,41
62.1415873016,0.994648526077,4,1,14,4,'4/4',F7,A3,1,40
63.1362358277,0.976893424036,4,1,15,1,'4/4',Bb-7,A3,1,41
64.1131292517,0.995351473923,4,1,15,2,'4/4',Eb7,A3,1,45
65.1084807256,1.05678004535,4,1,15,3,'4/4',Eb-7,A3,1,34
66.165260771,1.05650793651,4,1,15,4,'4/4',Ab7,A3,1,34
67.2217687075,1.05650793651,4,1,16,1,'4/4',Db6,A3,1,39
68.278276644,1.12616780045,4,1,16,2,'4/4',Db6,A3,1,46
69.4044444444,1.02099773243,4,1,16,3,'4/4',Bb7,A3,1,44
70.4254421769,1.03238095238,4,1,16,4,'4/4',Bb7,A3,1,32
71.4578231293,1.05988662132,4,1,17,1,'4/4',NC,I1,1,32
72.5177097506,1.01414965986,4,1,17,2,'4/4',NC,I1,1,44
73.5318594104,0.967891156463,4,1,17,3,'4/4',NC,I1,1,44
74.4997505669,0.986167800454,4,1,17,4,'4/4',NC,I1,1,32
75.4859183673,1.07011337868,4,1,18,1,'4/4',NC,I1,1,43
76.556031746,1.02265306122,4,1,18,2,'4/4',NC,I1,1,36
77.5786848073,1.0414739229,4,1,18,3,'4/4',NC,I1,1,42
78.6201587302,1.03238095238,4,1,18,4,'4/4',NC,I1,1,38
79.6525396825,1.03099773243,4,1,19,1,'4/4',NC,I1,1,43
80.683537415,1.11632653061,4,1,19,2,'4/4',NC,I1,1,37
81.7998639456,1.02242630385,4,1,19,3,'4/4',NC,I1,1,37
82.8222902494,1.05058956916,4,1,19,4,'4/4',NC,I1,1,37
83.8728798186,1.02390022676,4,1,20,1,'4/4',NC,I1,1,37
84.8967800454,1.0498185941,4,1,20,2,'4/4',NC,I1,1,37
85.9465986395,1.07052154195,4,1,20,3,'4/4',NC,I1,1,37
87.0171201814,1.05011337868,4,1,20,4,'4/4',NC,I1,1,37
88.0672335601,1.04124716553,4,1,21,1,'4/4',NC,I1,1,38
89.1084807256,0.995464852608,4,1,21,2,'4/4',NC,I1,1,37
90.1039455782,1.0319047619,4,1,21,3,'4/4',NC,I1,1,37
91.1358503401,1.04219954649,4,1,21,4,'4/4',NC,I1,1,37
92.1780498866,1.04219954649,4,1,22,1,'4/4',NC,I1,1,44
