onset,duration,period,division,bar,beat,signature,chord,form,chorus_id,bass
5.90004535147,0.457392290249,4,1,1,1,'4/4',Ebj7,A1,1,39
6.35743764172,0.456054421769,4,1,1,2,'4/4',Ebj7,A1,1,43
6.81349206349,0.447188208617,4,1,1,3,'4/4',Ebj7,A1,1,46
7.26068027211,0.496145124717,4,1,1,4,'4/4',Ebj7,A1,1,48
7.75682539683,0.466734693878,4,1,2,1,'4/4',F-7,A1,1,53
8.2235600907,0.462562358277,4,1,2,2,'4/4',F-7,A1,1,43
8.68612244898,0.461179138322,4,1,2,3,'4/4',Bb7,A1,1,44
9.1473015873,0.457006802721,4,1,2,4,'4/4',Bb7,A1,1,44
9.60430839002,0.436462585034,4,1,3,1,'4/4',Ebj7,A1,1,40
10.0407709751,0.466712018141,4,1,3,2,'4/4',Ebj7,A1,1,37
10.5074829932,0.441655328798,4,1,3,3,'4/4',F-7,A1,1,44
10.949138322,0.476757369615,4,1,3,4,'4/4',G-7,A1,1,44
11.4258956916,0.456689342404,4,1,4,1,'4/4',C7,A1,1,43
11.882585034,0.482063492063,4,1,4,2,'4/4',C7,A1,1,47
12.3646485261,0.476530612245,4,1,4,3,'4/4',C7,A1,1,47
12.8411791383,0.456825396825,4,1,4,4,'4/4',C7,A1,1,52
13.2980045351,0.450612244898,4,1,5,1,'4/4',F-7,A1,1,53
13.74861678,0.473106575964,4,1,5,2,'4/4',F-7,A1,1,48
14.221723356,0.450634920635,4,1,5,3,'4/4',F-7,A1,1,41
14.6723582766,0.472176870748,4,1,5,4,'4/4',F-7,A1,1,42
15.1445351474,0.441496598639,4,1,6,1,'4/4',Bb7,A1,1,47
15.586031746,0.456893424036,4,1,6,2,'4/4',Bb7,A1,1,42
16.0429251701,0.457097505669,4,1,6,3,'4/4',Bb7,A1,1,40
16.5000226757,0.422131519274,4,1,6,4,'4/4',Bb7,A1,1,39
16.922154195,0.44716553288,4,1,7,1,'4/4',Eb,A1,1,39
17.3693197279,0.431088435374,4,1,7,2,'4/4',Eb,A1,1,43
17.8004081633,0.451451247166,4,1,7,3,'4/4',C7,A1,1,36
18.2518594104,0.466689342404,4,1,7,4,'4/4',C7,A1,1,42
18.7185487528,0.447006802721,4,1,8,1,'4/4',F-7,A1,1,41
19.1655555556,0.431972789116,4,1,8,2,'4/4',F-7,A1,1,41
19.5975283447,0.427551020408,4,1,8,3,'4/4',Bb7,A1,1,40
20.0250793651,0.467052154195,4,1,8,4,'4/4',Bb7,A1,1,39
20.4921315193,0.430793650794,4,1,9,1,'4/4',Ebj7,A2,1,43
20.9229251701,0.466802721088,4,1,9,2,'4/4',Ebj7,A2,1,48
21.3897278912,0.447006802721,4,1,9,3,'4/4',Ebj7,A2,1,47
21.8367346939,0.424489795918,4,1,9,4,'4/4',Ebj7,A2,1,43
22.2612244898,0.43947845805,4,1,10,1,'4/4',F-7,A2,1,44
22.7007029478,0.46664399093,4,1,10,2,'4/4',F-7,A2,1,43
23.1673469388,0.44619047619,4,1,10,3,'4/4',Bb7,A2,1,40
23.613537415,0.476712018141,4,1,10,4,'4/4',Bb7,A2,1,44
24.0902494331,0.43746031746,4,1,11,1,'4/4',Ebj7,A2,1,46
24.5277097506,0.441541950113,4,1,11,2,'4/4',Ebj7,A2,1,37
24.9692517007,0.447301587302,4,1,11,3,'4/4',F-7,A2,1,43
25.416553288,0.441632653061,4,1,11,4,'4/4',G-7,A2,1,40
25.858185941,0.446235827664,4,1,12,1,'4/4',C7,A2,1,40
26.3044217687,0.441836734694,4,1,12,2,'4/4',C7,A2,1,43
26.7462585034,0.4220861678,4,1,12,3,'4/4',C7,A2,1,37
27.1683446712,0.447142857143,4,1,12,4,'4/4',C7,A2,1,48
27.6154875283,0.446961451247,4,1,13,1,'4/4',F-7,A2,1,41
28.0624489796,0.476734693878,4,1,13,2,'4/4',F-7,A2,1,48
28.5391836735,0.441859410431,4,1,13,3,'4/4',F-7,A2,1,41
28.9810430839,0.437006802721,4,1,13,4,'4/4',F-7,A2,1,43
29.4180498866,0.446235827664,4,1,14,1,'4/4',Bb7,A2,1,38
29.8642857143,0.46126984127,4,1,14,2,'4/4',Bb7,A2,1,37
30.3255555556,0.457052154195,4,1,14,3,'4/4',Bb7,A2,1,34
30.7826077098,0.437505668934,4,1,14,4,'4/4',Bb7,A2,1,39
31.2201133787,0.441201814059,4,1,15,1,'4/4',Eb,A2,1,39
31.6613151927,0.447210884354,4,1,15,2,'4/4',Eb,A2,1,43
32.1085260771,0.476485260771,4,1,15,3,'4/4',Eb,A2,1,44
32.5850113379,0.447256235828,4,1,15,4,'4/4',Eb,A2,1,45
33.0322675737,0.440725623583,4,1,16,1,'4/4',Eb,A2,1,46
33.4729931973,0.422199546485,4,1,16,2,'4/4',Eb,A2,1,39
33.8951927438,0.422222222222,4,1,16,3,'4/4',Eb,A2,1,43
34.317414966,0.45693877551,4,1,16,4,'4/4',Eb,A2,1,47
34.7743537415,0.446916099773,4,1,17,1,'4/4',Bb-7,B1,1,45
35.2212698413,0.431836734694,4,1,17,2,'4/4',Bb-7,B1,1,49
35.653106576,0.476780045351,4,1,17,3,'4/4',Bb-7,B1,1,48
36.1298866213,0.456621315193,4,1,17,4,'4/4',Bb-7,B1,1,53
36.5865079365,0.456712018141,4,1,18,1,'4/4',Eb7,B1,1,39
37.0432199546,0.422154195011,4,1,18,2,'4/4',Eb7,B1,1,43
37.4653741497,0.465759637188,4,1,18,3,'4/4',Eb7,B1,1,43
37.9311337868,0.438140589569,4,1,18,4,'4/4',Eb7,B1,1,45
38.3692743764,0.466802721088,4,1,19,1,'4/4',Abj7,B1,1,44
38.8360770975,0.465827664399,4,1,19,2,'4/4',Abj7,B1,1,36
39.3019047619,0.451383219955,4,1,19,3,'4/4',Abj7,B1,1,37
39.7532879819,0.447278911565,4,1,19,4,'4/4',Abj7,B1,1,38
40.2005668934,0.447097505669,4,1,20,1,'4/4',Abj7,B1,1,39
40.6476643991,0.43179138322,4,1,20,2,'4/4',Abj7,B1,1,40
41.0794557823,0.466870748299,4,1,20,3,'4/4',Abj7,B1,1,40
41.5463265306,0.446916099773,4,1,20,4,'4/4',Abj7,B1,1,43
41.9932426304,0.431859410431,4,1,21,1,'4/4',C-7,B1,1,40
42.4251020408,0.440997732426,4,1,21,2,'4/4',C-7,B1,1,45
42.8660997732,0.447052154195,4,1,21,3,'4/4',C-7,B1,1,46
43.3131519274,0.447233560091,4,1,21,4,'4/4',C-7,B1,1,47
43.7603854875,0.476575963719,4,1,22,1,'4/4',F7,B1,1,48
44.2369614512,0.431700680272,4,1,22,2,'4/4',F7,B1,1,37
44.6686621315,0.447414965986,4,1,22,3,'4/4',F7,B1,1,43
45.1160770975,0.45612244898,4,1,22,4,'4/4',F7,B1,1,43
45.5721995465,0.451315192744,4,1,23,1,'4/4',F-7,B1,1,45
46.0235147392,0.456916099773,4,1,23,2,'4/4',F-7,B1,1,37
46.480430839,0.437369614512,4,1,23,3,'4/4',F-7,B1,1,39
46.9178004535,0.467052154195,4,1,23,4,'4/4',F-7,B1,1,43
47.3848526077,0.466621315193,4,1,24,1,'4/4',Bb7,B1,1,40
47.8514739229,0.440725623583,4,1,24,2,'4/4',Bb7,B1,1,47
48.2921995465,0.447210884354,4,1,24,3,'4/4',Bb7,B1,1,34
48.7394104308,0.447233560091,4,1,24,4,'4/4',Bb7,B1,1,39
49.1866439909,0.466848072562,4,1,25,1,'4/4',Ebj7,A3,1,39
49.6534920635,0.441814058957,4,1,25,2,'4/4',Ebj7,A3,1,43
50.0953061224,0.476439909297,4,1,25,3,'4/4',Ebj7,A3,1,44
50.5717460317,0.481746031746,4,1,25,4,'4/4',Ebj7,A3,1,43
51.0534920635,0.441428571429,4,1,26,1,'4/4',F-7,A3,1,44
51.4949206349,0.468344671202,4,1,26,2,'4/4',F-7,A3,1,42
51.9632653061,0.480204081633,4,1,26,3,'4/4',Bb7,A3,1,41
52.4434693878,0.476802721088,4,1,26,4,'4/4',Bb7,A3,1,42
52.9202721088,0.465759637188,4,1,27,1,'4/4',Ebj7,A3,1,42
53.386031746,0.456848072562,4,1,27,2,'4/4',Ebj7,A3,1,34
53.8428798186,0.476621315193,4,1,27,3,'4/4',F-7,A3,1,43
54.3195011338,0.466712018141,4,1,27,4,'4/4',G-7,A3,1,42
54.7862131519,0.466666666667,4,1,28,1,'4/4',C7,A3,1,42
55.2528798186,0.446893424036,4,1,28,2,'4/4',C7,A3,1,42
55.6997732426,0.476621315193,4,1,28,3,'4/4',C7,A3,1,34
56.1763945578,0.47641723356,4,1,28,4,'4/4',C7,A3,1,42
56.6528117914,0.481972789116,4,1,29,1,'4/4',F-7,A3,1,41
57.1347845805,0.451655328798,4,1,29,2,'4/4',F-7,A3,1,43
57.5864399093,0.446984126984,4,1,29,3,'4/4',F-7,A3,1,44
58.0334240363,0.456734693878,4,1,29,4,'4/4',F-7,A3,1,37
58.4901587302,0.446281179138,4,1,30,1,'4/4',Bb7,A3,1,37
58.9364399093,0.476712018141,4,1,30,2,'4/4',Bb7,A3,1,40
59.4131519274,0.452131519274,4,1,30,3,'4/4',Bb7,A3,1,45
59.8652834467,0.446734693878,4,1,30,4,'4/4',Bb7,A3,1,44
60.3120181406,0.431496598639,4,1,31,1,'4/4',Eb,A3,1,43
60.7435147392,0.471882086168,4,1,31,2,'4/4',Eb,A3,1,43
61.2153968254,0.466825396825,4,1,31,3,'4/4',Eb,A3,1,37
61.6822222222,0.441746031746,4,1,31,4,'4/4',Eb,A3,1,42
62.123968254,0.481609977324,4,1,32,1,'4/4',Eb,A3,1,41
62.6055782313,0.467029478458,4,1,32,2,'4/4',Eb,A3,1,47
63.0726077098,0.42126984127,4,1,32,3,'4/4',Eb,A3,1,46
63.493877551,0.441995464853,4,1,32,4,'4/4',Eb,A3,1,37
63.9358730159,0.466575963719,4,1,33,1,'4/4',Ebj7,A1,2,35
64.4024489796,0.466802721088,4,1,33,2,'4/4',Ebj7,A1,2,43
64.8692517007,0.481972789116,4,1,33,3,'4/4',Ebj7,A1,2,40
65.3512244898,0.441428571429,4,1,33,4,'4/4',Ebj7,A1,2,40
65.7926530612,0.476689342404,4,1,34,1,'4/4',F-7,A1,2,37
66.2693424036,0.447029478458,4,1,34,2,'4/4',Bb7,A1,2,37
66.7163718821,0.436485260771,4,1,34,3,'4/4',Bb7,A1,2,40
67.1528571429,0.451519274376,4,1,34,4,'4/4',Bb7,A1,2,39
67.6043764172,0.431678004535,4,1,35,1,'4/4',Ebj7,A1,2,43
68.0360544218,0.42768707483,4,1,35,2,'4/4',Ebj7,A1,2,38
68.4637414966,0.47664399093,4,1,35,3,'4/4',F-7,A1,2,43
68.9403854875,0.476303854875,4,1,35,4,'4/4',G-7,A1,2,47
69.4166893424,0.431882086168,4,1,36,1,'4/4',C7,A1,2,36
69.8485714286,0.456893424036,4,1,36,2,'4/4',C7,A1,2,39
70.3054648526,0.472517006803,4,1,36,3,'4/4',C7,A1,2,43
70.7779818594,0.475600907029,4,1,36,4,'4/4',C7,A1,2,39
71.2535827664,0.466553287982,4,1,37,1,'4/4',F-7,A1,2,40
71.7201360544,0.486371882086,4,1,37,2,'4/4',F-7,A1,2,44
72.2065079365,0.447369614512,4,1,37,3,'4/4',F-7,A1,2,48
72.653877551,0.421950113379,4,1,37,4,'4/4',F-7,A1,2,41
73.0758276644,0.441768707483,4,1,38,1,'4/4',Bb7,A1,2,41
73.5175963719,0.427437641723,4,1,38,2,'4/4',Bb7,A1,2,38
73.9450340136,0.475623582766,4,1,38,3,'4/4',Bb7,A1,2,38
74.4206575964,0.476530612245,4,1,38,4,'4/4',Bb7,A1,2,42
74.8971882086,0.456984126984,4,1,39,1,'4/4',Eb,A1,2,43
75.3541723356,0.456893424036,4,1,39,2,'4/4',Eb,A1,2,43
75.8110657596,0.476235827664,4,1,39,3,'4/4',C7,A1,2,37
76.2873015873,0.456916099773,4,1,39,4,'4/4',C7,A1,2,42
76.7442176871,0.43179138322,4,1,40,1,'4/4',F-7,A1,2,41
77.1760090703,0.4820861678,4,1,40,2,'4/4',F-7,A1,2,48
77.6580952381,0.43179138322,4,1,40,3,'4/4',Bb7,A1,2,47
78.0898866213,0.422290249433,4,1,40,4,'4/4',Bb7,A1,2,41
78.5121768707,0.456802721088,4,1,41,1,'4/4',Ebj7,A2,2,39
78.9689795918,0.430861678005,4,1,41,2,'4/4',Ebj7,A2,2,45
79.3998412698,0.482993197279,4,1,41,3,'4/4',Ebj7,A2,2,43
79.8828344671,0.466553287982,4,1,41,4,'4/4',Ebj7,A2,2,47
80.3493877551,0.460340136054,4,1,42,1,'4/4',F-7,A2,2,48
80.8097278912,0.437233560091,4,1,42,2,'4/4',F-7,A2,2,43
81.2469614512,0.447324263039,4,1,42,3,'4/4',Bb7,A2,2,53
81.6942857143,0.431814058957,4,1,42,4,'4/4',Bb7,A2,2,49
82.1260997732,0.46693877551,4,1,43,1,'4/4',Ebj7,A2,2,50
82.5930385488,0.466734693878,4,1,43,2,'4/4',Ebj7,A2,2,43
83.0597732426,0.446349206349,4,1,43,3,'4/4',F-7,A2,2,43
83.506122449,0.441632653061,4,1,43,4,'4/4',G-7,A2,2,43
83.947755102,0.456961451247,4,1,44,1,'4/4',C7,A2,2,50
84.4047165533,0.46693877551,4,1,44,2,'4/4',C7,A2,2,48
84.8716553288,0.476485260771,4,1,44,3,'4/4',C7,A2,2,43
85.3481405896,0.42201814059,4,1,44,4,'4/4',C7,A2,2,47
85.7701587302,0.437210884354,4,1,45,1,'4/4',F-7,A2,2,48
86.2073696145,0.450657596372,4,1,45,2,'4/4',F-7,A2,2,48
86.6580272109,0.447074829932,4,1,45,3,'4/4',F-7,A2,2,48
87.1051020408,0.456780045351,4,1,45,4,'4/4',F-7,A2,2,38
87.5618820862,0.476598639456,4,1,46,1,'4/4',Bb7,A2,2,36
88.0384807256,0.447052154195,4,1,46,2,'4/4',Bb7,A2,2,34
88.4855328798,0.447029478458,4,1,46,3,'4/4',Bb7,A2,2,37
88.9325623583,0.467052154195,4,1,46,4,'4/4',Bb7,A2,2,40
89.3996145125,0.441360544218,4,1,47,1,'4/4',Eb,A2,2,39
89.8409750567,0.466893424036,4,1,47,2,'4/4',Eb,A2,2,43
90.3078684807,0.447052154195,4,1,47,3,'4/4',Eb,A2,2,44
90.7549206349,0.450589569161,4,1,47,4,'4/4',Eb,A2,2,44
91.2055102041,0.437414965986,4,1,48,1,'4/4',Eb,A2,2,45
91.6429251701,0.466575963719,4,1,48,2,'4/4',Eb,A2,2,44
92.1095011338,0.447414965986,4,1,48,3,'4/4',Eb,A2,2,43
92.5569160998,0.431700680272,4,1,48,4,'4/4',Eb,A2,2,43
92.98861678,0.43179138322,4,1,49,1,'4/4',Bb-7,B1,2,53
93.4204081633,0.416326530612,4,1,49,2,'4/4',Bb-7,B1,2,45
93.8367346939,0.457142857143,4,1,49,3,'4/4',Bb-7,B1,2,38
94.293877551,0.43664399093,4,1,49,4,'4/4',Bb-7,B1,2,37
94.730521542,0.427664399093,4,1,50,1,'4/4',Eb7,B1,2,38
95.158185941,0.466757369615,4,1,50,2,'4/4',Eb7,B1,2,33
95.6249433107,0.461201814059,4,1,50,3,'4/4',Eb7,B1,2,39
96.0861451247,0.456689342404,4,1,50,4,'4/4',Eb7,B1,2,45
96.5428344671,0.427482993197,4,1,51,1,'4/4',Abj7,B1,2,44
96.9703174603,0.466870748299,4,1,51,2,'4/4',Abj7,B1,2,36
97.4371882086,0.441609977324,4,1,51,3,'4/4',Abj7,B1,2,37
97.8787981859,0.447029478458,4,1,51,4,'4/4',Abj7,B1,2,38
98.3258276644,0.466485260771,4,1,52,1,'4/4',Abj7,B1,2,39
98.7923129252,0.441700680272,4,1,52,2,'4/4',Abj7,B1,2,44
99.2340136054,0.455918367347,4,1,52,3,'4/4',Abj7,B1,2,43
99.6899319728,0.477482993197,4,1,52,4,'4/4',Abj7,B1,2,43
100.167414966,0.446281179138,4,1,53,1,'4/4',C-7,B1,2,40
100.613696145,0.431882086168,4,1,53,2,'4/4',C-7,B1,2,45
101.045578231,0.456780045351,4,1,53,3,'4/4',C-7,B1,2,46
101.502358277,0.431972789116,4,1,53,4,'4/4',C-7,B1,2,47
101.934331066,0.456961451247,4,1,54,1,'4/4',F7,B1,2,36
102.391292517,0.48201814059,4,1,54,2,'4/4',F7,B1,2,42
102.873310658,0.45873015873,4,1,54,3,'4/4',F7,B1,2,41
103.332040816,0.458594104308,4,1,54,4,'4/4',F7,B1,2,40
103.790634921,0.456961451247,4,1,55,1,'4/4',F-7,B1,2,41
104.247596372,0.4220861678,4,1,55,2,'4/4',F-7,B1,2,43
104.66968254,0.472448979592,4,1,55,3,'4/4',F-7,B1,2,44
105.142131519,0.461201814059,4,1,55,4,'4/4',F-7,B1,2,36
105.603333333,0.427505668934,4,1,56,1,'4/4',Bb7,B1,2,40
106.030839002,0.430975056689,4,1,56,2,'4/4',Bb7,B1,2,42
106.461814059,0.456916099773,4,1,56,3,'4/4',Bb7,B1,2,44
106.918730159,0.476893424036,4,1,56,4,'4/4',Bb7,B1,2,41
107.395623583,0.457278911565,4,1,57,1,'4/4',Ebj7,A3,2,39
107.852902494,0.456054421769,4,1,57,2,'4/4',Ebj7,A3,2,40
108.308956916,0.457392290249,4,1,57,3,'4/4',Ebj7,A3,2,43
108.766349206,0.46693877551,4,1,57,4,'4/4',Ebj7,A3,2,44
109.233287982,0.465759637188,4,1,58,1,'4/4',F-7,A3,2,44
109.699047619,0.451451247166,4,1,58,2,'4/4',F-7,A3,2,43
110.150498866,0.486235827664,4,1,58,3,'4/4',Bb7,A3,2,40
110.636734694,0.46253968254,4,1,58,4,'4/4',Bb7,A3,2,44
111.099274376,0.441723356009,4,1,59,1,'4/4',Ebj7,A3,2,43
111.540997732,0.450839002268,4,1,59,2,'4/4',Ebj7,A3,2,44
111.991836735,0.469387755102,4,1,59,3,'4/4',F-7,A3,2,45
112.46122449,0.460045351474,4,1,59,4,'4/4',G-7,A3,2,48
112.921269841,0.446984126984,4,1,60,1,'4/4',C7,A3,2,48
113.368253968,0.451451247166,4,1,60,2,'4/4',C7,A3,2,43
113.819705215,0.475464852608,4,1,60,3,'4/4',C7,A3,2,43
114.295170068,0.447142857143,4,1,60,4,'4/4',C7,A3,2,40
114.742312925,0.466780045351,4,1,61,1,'4/4',F-7,A3,2,40
115.209092971,0.437369614512,4,1,61,2,'4/4',F-7,A3,2,45
115.646462585,0.451496598639,4,1,61,3,'4/4',F-7,A3,2,48
116.097959184,0.476507936508,4,1,61,4,'4/4',F-7,A3,2,45
116.57446712,0.44716553288,4,1,62,1,'4/4',Bb7,A3,2,41
117.021632653,0.48201814059,4,1,62,2,'4/4',Bb7,A3,2,41
117.503650794,0.451360544218,4,1,62,3,'4/4',Bb7,A3,2,40
117.955011338,0.436530612245,4,1,62,4,'4/4',Bb7,A3,2,39
118.39154195,0.456712018141,4,1,63,1,'4/4',Eb,A3,2,39
118.848253968,0.466780045351,4,1,63,2,'4/4',Eb,A3,2,43
119.315034014,0.466712018141,4,1,63,3,'4/4',Eb,A3,2,44
119.781746032,0.44179138322,4,1,63,4,'4/4',Eb,A3,2,45
120.223537415,0.447120181406,4,1,64,1,'4/4',Eb,A3,2,46
120.670657596,0.466666666667,4,1,64,2,'4/4',Eb,A3,2,47
121.137324263,0.431088435374,4,1,64,3,'4/4',Eb,A3,2,36
121.568412698,0.447392290249,4,1,64,4,'4/4',Eb,A3,2,37
122.015804989,0.482154195011,4,1,65,1,'4/4',NC,I1,2,39
122.497959184,0.482154195011,4,1,65,2,'4/4',NC,I1,2,43
