onset,duration,period,division,bar,beat,signature,chord,form,chorus_id,bass
3.35281179138,0.387482993197,4,1,-3,1,'4/4',Gb-7,I1,0,38
3.74029478458,0.412380952381,4,1,-3,2,'4/4',Gb-7,I1,0,45
4.15267573696,0.386371882086,4,1,-3,3,'4/4',Gb-7,I1,0,38
4.53904761905,0.402630385488,4,1,-3,4,'4/4',Gb-7,I1,0,43
4.94167800454,0.387142857143,4,1,-2,1,'4/4',Bm7b5,I1,0,44
5.32882086168,0.422244897959,4,1,-2,2,'4/4',Bm7b5,I1,0,38
5.75106575964,0.382108843537,4,1,-2,3,'4/4',E7,I1,0,37
6.13317460317,0.406961451247,4,1,-2,4,'4/4',E7,I1,0,44
6.54013605442,0.402426303855,4,1,-1,1,'4/4',A-,I1,0,42
6.94256235828,0.422154195011,4,1,-1,2,'4/4',A-,I1,0,40
7.36471655329,0.437596371882,4,1,-1,3,'4/4',A-,I1,0,39
7.80231292517,0.388526077098,4,1,-1,4,'4/4',A-,I1,0,45
8.19083900227,0.419954648526,4,1,0,1,'4/4',A-,I1,0,44
8.61079365079,0.431904761905,4,1,0,2,'4/4',A-,I1,0,38
9.0426984127,0.422199546485,4,1,0,3,'4/4',A-,I1,0,37
9.46489795918,0.411292517007,4,1,0,4,'4/4',A-,I1,0,37
9.87619047619,0.392970521542,4,1,1,1,'4/4',Gb-7,A1,1,42
10.2691609977,0.406916099773,4,1,1,2,'4/4',Gb-7,A1,1,37
10.6760770975,0.402494331066,4,1,1,3,'4/4',Gb-7,A1,1,45
11.0785714286,0.401473922902,4,1,1,4,'4/4',Gb-7,A1,1,45
11.4800453515,0.431995464853,4,1,2,1,'4/4',Abm7b5,A1,1,44
11.9120408163,0.40253968254,4,1,2,2,'4/4',Abm7b5,A1,1,48
12.3145804989,0.406893424036,4,1,2,3,'4/4',Db7,A1,1,37
12.7214739229,0.40156462585,4,1,2,4,'4/4',Db7,A1,1,47
13.1230385488,0.422131519274,4,1,3,1,'4/4',Gb-7,A1,1,38
13.545170068,0.422222222222,4,1,3,2,'4/4',Gb-7,A1,1,50
13.9673922902,0.431859410431,4,1,3,3,'4/4',Gb-7,A1,1,49
14.3992517007,0.383242630385,4,1,3,4,'4/4',Gb-7,A1,1,44
14.7824943311,0.386303854875,4,1,4,1,'4/4',Gb-7,A1,1,42
15.1687981859,0.402471655329,4,1,4,2,'4/4',Gb-7,A1,1,41
15.5712698413,0.406984126984,4,1,4,3,'4/4',Gb-7,A1,1,37
15.9782539683,0.402222222222,4,1,4,4,'4/4',Gb-7,A1,1,42
16.3804761905,0.401768707483,4,1,5,1,'4/4',G7,A1,1,43
16.782244898,0.412335600907,4,1,5,2,'4/4',G7,A1,1,43
17.1945804989,0.412176870748,4,1,5,3,'4/4',G7,A1,1,35
17.6067573696,0.42231292517,4,1,5,4,'4/4',G7,A1,1,38
18.0290702948,0.387120181406,4,1,6,1,'4/4',G7,A1,1,45
18.4161904762,0.421337868481,4,1,6,2,'4/4',G7,A1,1,43
18.8375283447,0.40253968254,4,1,6,3,'4/4',G7,A1,1,38
19.2400680272,0.387278911565,4,1,6,4,'4/4',G7,A1,1,37
19.6273469388,0.387505668934,4,1,7,1,'4/4',Gb-7,A1,1,42
20.0148526077,0.426598639456,4,1,7,2,'4/4',Gb-7,A1,1,41
20.4414512472,0.412517006803,4,1,7,3,'4/4',Gb-7,A1,1,37
20.853968254,0.386485260771,4,1,7,4,'4/4',Gb-7,A1,1,37
21.2404535147,0.378321995465,4,1,8,1,'4/4',E-7,A1,1,35
21.6187755102,0.411428571429,4,1,8,2,'4/4',E-7,A1,1,34
22.0302040816,0.422244897959,4,1,8,3,'4/4',A7,A1,1,45
22.4524489796,0.387233560091,4,1,8,4,'4/4',A7,A1,1,40
22.8396825397,0.392811791383,4,1,9,1,'4/4',D7,A1,1,38
23.2324943311,0.421292517007,4,1,9,2,'4/4',D7,A1,1,38
23.6537868481,0.412426303855,4,1,9,3,'4/4',D7,A1,1,38
24.0662131519,0.411972789116,4,1,9,4,'4/4',D7,A1,1,43
24.478185941,0.416825396825,4,1,10,1,'4/4',Db7,A1,1,44
24.8950113379,0.391972789116,4,1,10,2,'4/4',Db7,A1,1,38
25.286984127,0.4220861678,4,1,10,3,'4/4',Db7,A1,1,37
25.7090702948,0.387346938776,4,1,10,4,'4/4',Db7,A1,1,44
26.0964172336,0.427528344671,4,1,11,1,'4/4',Gb-7,A1,1,42
26.5239455782,0.405963718821,4,1,11,2,'4/4',Gb-7,A1,1,37
26.9299092971,0.422290249433,4,1,11,3,'4/4',Gb-7,A1,1,38
27.3521995465,0.392653061224,4,1,11,4,'4/4',Gb-7,A1,1,43
27.7448526077,0.402471655329,4,1,12,1,'4/4',Db7,A1,1,44
28.147324263,0.415963718821,4,1,12,2,'4/4',Db7,A1,1,38
28.5632879819,0.412335600907,4,1,12,3,'4/4',Db7,A1,1,37
28.9756235828,0.427551020408,4,1,12,4,'4/4',Db7,A1,1,40
29.4031746032,0.377528344671,4,1,13,1,'4/4',Gb-7,A1,2,42
29.7807029478,0.412244897959,4,1,13,2,'4/4',Gb-7,A1,2,37
30.1929478458,0.421315192744,4,1,13,3,'4/4',Gb-7,A1,2,40
30.6142630385,0.412403628118,4,1,13,4,'4/4',Gb-7,A1,2,41
31.0266666667,0.406689342404,4,1,14,1,'4/4',Gb-7,A1,2,42
31.4333560091,0.402653061224,4,1,14,2,'4/4',Gb-7,A1,2,37
31.8360090703,0.431020408163,4,1,14,3,'4/4',Gb-7,A1,2,40
32.2670294785,0.383038548753,4,1,14,4,'4/4',Gb-7,A1,2,41
32.6500680272,0.387188208617,4,1,15,1,'4/4',Gb-7,A1,2,42
33.0372562358,0.411088435374,4,1,15,2,'4/4',Gb-7,A1,2,37
33.4483446712,0.422675736961,4,1,15,3,'4/4',Gb-7,A1,2,40
33.8710204082,0.422108843537,4,1,15,4,'4/4',Gb-7,A1,2,41
34.2931292517,0.402630385488,4,1,16,1,'4/4',Gb-7,A1,2,42
34.6957596372,0.377505668934,4,1,16,2,'4/4',Gb-7,A1,2,37
35.0732653061,0.396213151927,4,1,16,3,'4/4',Gb-7,A1,2,44
35.469478458,0.422040816327,4,1,16,4,'4/4',Gb-7,A1,2,42
35.8915192744,0.427732426304,4,1,17,1,'4/4',G7,A1,2,43
36.3192517007,0.422108843537,4,1,17,2,'4/4',G7,A1,2,43
36.7413605442,0.405963718821,4,1,17,3,'4/4',G7,A1,2,35
37.147324263,0.392789115646,4,1,17,4,'4/4',G7,A1,2,38
37.5401133787,0.422108843537,4,1,18,1,'4/4',G7,A1,2,45
37.9622222222,0.402630385488,4,1,18,2,'4/4',G7,A1,2,44
38.3648526077,0.415759637188,4,1,18,3,'4/4',G7,A1,2,37
38.7806122449,0.402517006803,4,1,18,4,'4/4',G7,A1,2,37
39.1831292517,0.402653061224,4,1,19,1,'4/4',Gb-7,A1,2,42
39.5857823129,0.402607709751,4,1,19,2,'4/4',Gb-7,A1,2,41
39.9883900227,0.415623582766,4,1,19,3,'4/4',Gb-7,A1,2,37
40.4040136054,0.392857142857,4,1,19,4,'4/4',Gb-7,A1,2,37
40.7968707483,0.422154195011,4,1,20,1,'4/4',E-7,A1,2,35
41.2190249433,0.377551020408,4,1,20,2,'4/4',E-7,A1,2,34
41.5965759637,0.387097505669,4,1,20,3,'4/4',A7,A1,2,33
41.9836734694,0.401836734694,4,1,20,4,'4/4',A7,A1,2,45
42.3855102041,0.402471655329,4,1,21,1,'4/4',D7,A1,2,38
42.7879818594,0.432426303855,4,1,21,2,'4/4',D7,A1,2,45
43.2204081633,0.411088435374,4,1,21,3,'4/4',D7,A1,2,38
43.6314965986,0.387256235828,4,1,21,4,'4/4',D7,A1,2,43
44.0187528345,0.412244897959,4,1,22,1,'4/4',Db7,A1,2,44
44.4309977324,0.412244897959,4,1,22,2,'4/4',Db7,A1,2,38
44.8432426304,0.431972789116,4,1,22,3,'4/4',Db7,A1,2,37
45.2752154195,0.411655328798,4,1,22,4,'4/4',Db7,A1,2,44
45.6868707483,0.400884353741,4,1,23,1,'4/4',Gb-7,A1,2,42
46.087755102,0.433514739229,4,1,23,2,'4/4',Gb-7,A1,2,37
46.5212698413,0.402448979592,4,1,23,3,'4/4',Gb-7,A1,2,38
46.9237188209,0.396326530612,4,1,23,4,'4/4',Gb-7,A1,2,39
47.3200453515,0.41231292517,4,1,24,1,'4/4',Db7,A1,2,44
47.7323582766,0.422267573696,4,1,24,2,'4/4',Db7,A1,2,39
48.1546258503,0.402380952381,4,1,24,3,'4/4',Db7,A1,2,43
48.5570068027,0.43074829932,4,1,24,4,'4/4',Db7,A1,2,37
48.987755102,0.437845804989,4,1,25,1,'4/4',Gb-7,A1,3,42
49.425600907,0.406734693878,4,1,25,2,'4/4',Gb-7,A1,3,38
49.8323356009,0.437437641723,4,1,25,3,'4/4',Gb-7,A1,3,45
50.2697732426,0.412426303855,4,1,25,4,'4/4',Gb-7,A1,3,47
50.6821995465,0.412426303855,4,1,26,1,'4/4',Gb-7,A1,3,37
