onset,duration,period,division,bar,beat,signature,chord,form,chorus_id,bass
5.37666666667,0.498866213152,4,1,1,1,'4/4',Abj7,A1,1,44
5.87553287982,0.506394557823,4,1,1,2,'4/4',Abj7,A1,1,44
6.38192743764,0.48820861678,4,1,1,3,'4/4',Abj7,A1,1,45
6.87013605442,0.469591836735,4,1,1,4,'4/4',Abj7,A1,1,45
7.33972789116,0.488253968254,4,1,2,1,'4/4',Abj7,A1,1,47
7.82798185941,0.48074829932,4,1,2,2,'4/4',Abj7,A1,1,51
8.30873015873,0.506485260771,4,1,2,3,'4/4',Abj7,A1,1,39
8.8152154195,0.506712018141,4,1,2,4,'4/4',Abj7,A1,1,43
9.32192743764,0.460884353741,4,1,3,1,'4/4',Abo7,A1,1,43
9.78281179138,0.50798185941,4,1,3,2,'4/4',Abo7,A1,1,37
10.2907936508,0.50664399093,4,1,3,3,'4/4',Abo7,A1,1,47
10.7974376417,0.496757369615,4,1,3,4,'4/4',Abo7,A1,1,38
11.2941950113,0.498004535147,4,1,4,1,'4/4',Abo7,A1,1,41
11.7921995465,0.489070294785,4,1,4,2,'4/4',Abo7,A1,1,47
12.2812698413,0.498049886621,4,1,4,3,'4/4',Abo7,A1,1,44
12.7793197279,0.478548752834,4,1,4,4,'4/4',Abo7,A1,1,41
13.2578684807,0.489115646259,4,1,5,1,'4/4',Bb-7,A1,1,43
13.746984127,0.488140589569,4,1,5,2,'4/4',Bb-7,A1,1,45
14.2351247166,0.479637188209,4,1,5,3,'4/4',Bb-7,A1,1,41
14.7147619048,0.488140589569,4,1,5,4,'4/4',Bb-7,A1,1,41
15.2029024943,0.488276643991,4,1,6,1,'4/4',Bb-7,A1,1,45
15.6911791383,0.506485260771,4,1,6,2,'4/4',Bb-7,A1,1,45
16.1976643991,0.516462585034,4,1,6,3,'4/4',Bb-7,A1,1,41
16.7141269841,0.443492063492,4,1,6,4,'4/4',Bb-7,A1,1,41
17.1576190476,0.506575963719,4,1,7,1,'4/4',Bbm7b5,A1,1,43
17.6641950113,0.470385487528,4,1,7,2,'4/4',Bbm7b5,A1,1,46
18.1345804989,0.506780045351,4,1,7,3,'4/4',Bbm7b5,A1,1,37
18.6413605442,0.478480725624,4,1,7,4,'4/4',Bbm7b5,A1,1,37
19.1198412698,0.489206349206,4,1,8,1,'4/4',Eb79b,A1,1,39
19.609047619,0.507755102041,4,1,8,2,'4/4',Eb79b,A1,1,39
20.1168027211,0.496757369615,4,1,8,3,'4/4',Eb79b,A1,1,41
20.6135600907,0.461201814059,4,1,8,4,'4/4',Eb79b,A1,1,43
21.0747619048,0.480589569161,4,1,9,1,'4/4',Abj7,A1,1,43
21.5553514739,0.496757369615,4,1,9,2,'4/4',Abj7,A1,1,47
22.0521088435,0.488117913832,4,1,9,3,'4/4',Abj7,A1,1,36
22.5402267574,0.498117913832,4,1,9,4,'4/4',Abj7,A1,1,45
23.0383446712,0.489070294785,4,1,10,1,'4/4',Ab-7,A1,1,39
23.527414966,0.488299319728,4,1,10,2,'4/4',Ab-7,A1,1,37
24.0157142857,0.506507936508,4,1,10,3,'4/4',Ab-7,A1,1,47
24.5222222222,0.478526077098,4,1,10,4,'4/4',Ab-7,A1,1,45
25.0007482993,0.480589569161,4,1,11,1,'4/4',C7911#,A1,1,39
25.4813378685,0.496621315193,4,1,11,2,'4/4',C7911#,A1,1,39
25.9779591837,0.479410430839,4,1,11,3,'4/4',C7911#,A1,1,42
26.4573696145,0.488253968254,4,1,11,4,'4/4',C7911#,A1,1,42
26.9456235828,0.516485260771,4,1,12,1,'4/4',F79b,A1,1,48
27.4621088435,0.508707482993,4,1,12,2,'4/4',F79b,A1,1,47
27.9708163265,0.488344671202,4,1,12,3,'4/4',F79b,A1,1,41
28.4591609977,0.488140589569,4,1,12,4,'4/4',F79b,A1,1,41
28.9473015873,0.49664399093,4,1,13,1,'4/4',Bbm7b5,A1,1,45
29.4439455782,0.498911564626,4,1,13,2,'4/4',Bbm7b5,A1,1,45
29.9428571429,0.506530612245,4,1,13,3,'4/4',Bbm7b5,A1,1,49
30.4493877551,0.456734693878,4,1,13,4,'4/4',Bbm7b5,A1,1,49
30.906122449,0.48283446712,4,1,14,1,'4/4',Bbm7b5,A1,1,45
31.3889569161,0.488253968254,4,1,14,2,'4/4',Bbm7b5,A1,1,45
31.8772108844,0.489183673469,4,1,14,3,'4/4',Bbm7b5,A1,1,41
32.3663945578,0.470975056689,4,1,14,4,'4/4',Bbm7b5,A1,1,41
32.8373696145,0.478367346939,4,1,15,1,'4/4',Bbm7b5,A1,1,37
33.3157369615,0.470861678005,4,1,15,2,'4/4',Bbm7b5,A1,1,37
33.7865986395,0.479387755102,4,1,15,3,'4/4',Bbm7b5,A1,1,40
34.2659863946,0.470929705215,4,1,15,4,'4/4',Bbm7b5,A1,1,40
34.7369160998,0.506235827664,4,1,16,1,'4/4',Eb79b,A1,1,39
35.2431519274,0.488276643991,4,1,16,2,'4/4',Eb79b,A1,1,39
35.7314285714,0.488798185941,4,1,16,3,'4/4',Eb79b,A1,1,41
36.2202267574,0.468775510204,4,1,16,4,'4/4',Eb79b,A1,1,43
36.6890022676,0.508571428571,4,1,17,1,'4/4',Abj7,B1,1,44
37.1975736961,0.478526077098,4,1,17,2,'4/4',Abj7,B1,1,39
37.6760997732,0.506598639456,4,1,17,3,'4/4',Abj7,B1,1,41
38.1826984127,0.49485260771,4,1,17,4,'4/4',Abj7,B1,1,43
38.6775510204,0.529818594104,4,1,18,1,'4/4',Abj7,B1,1,44
39.2073696145,0.488480725624,4,1,18,2,'4/4',Abj7,B1,1,45
39.6958503401,0.496734693878,4,1,18,3,'4/4',Abj7,B1,1,47
40.192585034,0.488276643991,4,1,18,4,'4/4',Abj7,B1,1,47
40.680861678,0.489070294785,4,1,19,1,'4/4',Abo7,B1,1,38
41.1699319728,0.497959183673,4,1,19,2,'4/4',Abo7,B1,1,38
41.6678911565,0.496802721088,4,1,19,3,'4/4',Abo7,B1,1,41
42.1646938776,0.470725623583,4,1,19,4,'4/4',Abo7,B1,1,47
42.6354195011,0.50641723356,4,1,20,1,'4/4',Abo7,B1,1,43
43.1418367347,0.498004535147,4,1,20,2,'4/4',Abo7,B1,1,47
43.6398412698,0.506870748299,4,1,20,3,'4/4',Abo7,B1,1,38
44.1467120181,0.460816326531,4,1,20,4,'4/4',Abo7,B1,1,41
44.6075283447,0.498004535147,4,1,21,1,'4/4',Bb-7,B1,1,45
45.1055328798,0.506780045351,4,1,21,2,'4/4',Bb-7,B1,1,49
45.6123129252,0.498888888889,4,1,21,3,'4/4',Bb-7,B1,1,48
46.1112018141,0.461088435374,4,1,21,4,'4/4',Bb-7,B1,1,39
46.5722902494,0.468775510204,4,1,22,1,'4/4',Bb-7,B1,1,43
47.0410657596,0.460839002268,4,1,22,2,'4/4',Bb-7,B1,1,38
47.5019047619,0.479659863946,4,1,22,3,'4/4',Bb-7,B1,1,37
47.9815646259,0.459909297052,4,1,22,4,'4/4',Bb-7,B1,1,47
48.4414739229,0.470861678005,4,1,23,1,'4/4',Bbm7b5,B1,1,45
48.9123356009,0.498979591837,4,1,23,2,'4/4',Bbm7b5,B1,1,45
49.4113151927,0.478526077098,4,1,23,3,'4/4',Bbm7b5,B1,1,37
49.8898412698,0.470816326531,4,1,23,4,'4/4',Bbm7b5,B1,1,37
50.3606575964,0.487006802721,4,1,24,1,'4/4',Bbm7b5,B1,1,39
50.8476643991,0.498049886621,4,1,24,2,'4/4',Bbm7b5,B1,1,39
51.3457142857,0.506689342404,4,1,24,3,'4/4',Eb79b,B1,1,41
51.8524036281,0.489092970522,4,1,24,4,'4/4',Eb79b,B1,1,43
52.3414965986,0.480702947846,4,1,25,1,'4/4',Abj7,B1,1,44
52.8221995465,0.488321995465,4,1,25,2,'4/4',Abj7,B1,1,44
53.310521542,0.506530612245,4,1,25,3,'4/4',Abj7,B1,1,39
53.8170521542,0.506394557823,4,1,25,4,'4/4',Abj7,B1,1,39
54.323446712,0.488344671202,4,1,26,1,'4/4',Ab-7,B1,1,44
54.8117913832,0.489160997732,4,1,26,2,'4/4',Ab-7,B1,1,44
55.300952381,0.488253968254,4,1,26,3,'4/4',Ab-7,B1,1,44
55.7892063492,0.478412698413,4,1,26,4,'4/4',Ab-7,B1,1,44
56.2676190476,0.498888888889,4,1,27,1,'4/4',B7,B1,1,38
56.7665079365,0.478571428571,4,1,27,2,'4/4',B7,B1,1,38
57.2450793651,0.489183673469,4,1,27,3,'4/4',B7,B1,1,47
57.7342630385,0.460884353741,4,1,27,4,'4/4',B7,B1,1,47
58.1951473923,0.506530612245,4,1,28,1,'4/4',A7,B1,1,47
58.7016780045,0.480612244898,4,1,28,2,'4/4',A7,B1,1,47
59.1822902494,0.488321995465,4,1,28,3,'4/4',A7,B1,1,39
59.6706122449,0.468548752834,4,1,28,4,'4/4',A7,B1,1,43
60.1391609977,0.508594104308,4,1,29,1,'4/4',Ab6,B1,1,44
60.647755102,0.496802721088,4,1,29,2,'4/4',Ab6,B1,1,44
61.1445578231,0.488503401361,4,1,29,3,'4/4',Ab6,B1,1,39
61.6330612245,0.489024943311,4,1,29,4,'4/4',Ab6,B1,1,38
62.1220861678,0.47843537415,4,1,30,1,'4/4',Bbm7b5,B1,1,37
62.600521542,0.470680272109,4,1,30,2,'4/4',Bbm7b5,B1,1,37
63.0712018141,0.488934240363,4,1,30,3,'4/4',Eb7,B1,1,37
63.5601360544,0.488526077098,4,1,30,4,'4/4',Eb7,B1,1,37
64.0486621315,0.506553287982,4,1,31,1,'4/4',Ab6,B1,1,36
64.5552154195,0.488820861678,4,1,31,2,'4/4',Ab6,B1,1,36
65.0440362812,0.498095238095,4,1,31,3,'4/4',Ab6,B1,1,36
65.5421315193,0.506598639456,4,1,31,4,'4/4',Ab6,B1,1,36
66.0487301587,0.50664399093,4,1,32,1,'4/4',Bb-7,B1,1,35
66.5553741497,0.516099773243,4,1,32,2,'4/4',Bb-7,B1,1,47
67.0714739229,0.52619047619,4,1,32,3,'4/4',Eb7,B1,1,35
67.5976643991,0.498095238095,4,1,32,4,'4/4',Eb7,B1,1,35
68.0957596372,0.506485260771,4,1,33,1,'4/4',Abj7,B1,1,46
68.602244898,0.506485260771,4,1,33,2,'4/4',Abj7,B1,1,45
69.1087301587,0.48820861678,4,1,33,3,'4/4',Abj7,B1,1,45
69.5969387755,0.498049886621,4,1,33,4,'4/4',Abj7,B1,1,45
70.0949886621,0.489319727891,4,1,34,1,'4/4',Eb7,I1,1,45
70.58430839,0.506349206349,4,1,34,2,'4/4',Eb7,I1,1,44
71.0906575964,0.498004535147,4,1,34,3,'4/4',Eb7,I1,1,33
71.5886621315,0.526281179138,4,1,34,4,'4/4',Eb7,I1,1,33
72.1149433107,0.496870748299,4,1,35,1,'4/4',Eb7,I1,1,44
72.611814059,0.49798185941,4,1,35,2,'4/4',Eb7,I1,1,44
73.1097959184,0.496780045351,4,1,35,3,'4/4',Eb7,I1,1,32
73.6065759637,0.498027210884,4,1,35,4,'4/4',Eb7,I1,1,44
74.1046031746,0.498934240363,4,1,36,1,'4/4',Eb7,I1,1,44
74.603537415,0.488344671202,4,1,36,2,'4/4',Eb7,I1,1,44
75.0918820862,0.506281179138,4,1,36,3,'4/4',Eb7,I1,1,44
75.5981632653,0.489229024943,4,1,36,4,'4/4',Eb7,I1,1,44
76.0873922902,0.516303854875,4,1,37,1,'4/4',Eb7,I1,1,44
76.6036961451,0.478526077098,4,1,37,2,'4/4',Eb7,I1,1,32
77.0822222222,0.498027210884,4,1,37,3,'4/4',Eb7,I1,1,44
77.5802494331,0.506485260771,4,1,37,4,'4/4',Eb7,I1,1,44
78.0867346939,0.516099773243,4,1,38,1,'4/4',Eb7,I1,1,44
78.6028344671,0.470929705215,4,1,38,2,'4/4',Eb7,I1,1,44
79.0737641723,0.470929705215,4,1,38,3,'4/4',Eb7,I1,1,44
